-----------EJECUCION------ capas 4 ,epochs 5 y learning_rate 0.01 
Porcentaje de acierto en entrenamiento:  0.4339
Porcentaje de acierto en test: 0.4311
[[5744   51 4389  267 3647 4135  221   33 4300  220]
 [   7 6335  231 4590   75  102   11   70  230   66]
 [   3    9   63   25   53   73    4    1   56   18]
 [  26  244  740  935   56  547   11   18  812   51]
 [  11    0   31    6  462   42    2    4   38   48]
 [   0    0    0    0    0    0    0    0    0    0]
 [  92   31  207   40  109  227 5664   18   61    2]
 [  12   66   76  181  316   35    0 6022   53 4924]
 [  12    4  155   70    2  165    2    2  193    4]
 [  16    2   66   17 1122   95    3   97  108  616]]
-----------EJECUCION------ capas 4 ,epochs 5 y learning_rate 0.02 
Porcentaje de acierto en entrenamiento:  0.5490166666666667
Porcentaje de acierto en test: 0.548
[[   0    0    0    0    0    0    0    0    0    0]
 [   0 6557  110  177  117  318   56   32  759   97]
 [ 468   20 3801  105   43   73  230   43    9   41]
 [  10   80  664 5433   17  251    0  260  221  147]
 [ 152   25  175   79 5269 3698  185  217 3948 2456]
 [   0    0    0    1    0    1    0    0    0    0]
 [  25   26  411   11   98  173 5420    7  129    6]
 [5173   20  749  268  132  470   22 5641  319 2618]
 [   3   12    6   45   89  316    1   22  364  129]
 [  92    2   42   12   77  121    4   43  102  455]]
-----------EJECUCION------ capas 4 ,epochs 5 y learning_rate 0.05 
Porcentaje de acierto en entrenamiento:  0.4804
Porcentaje de acierto en test: 0.4792
[[5491    8  147  117    5  205   97   43   29   24]
 [   0 6606   83   43   43   35   31   57  182   60]
 [   0   14   29   22    0   14   20    3   88    1]
 [ 393   83 5503 5736  162 5015 5642   86 5363  151]
 [  11    7  147  177 5579  129  109  617  156 5490]
 [   0    0    0    0    0    0    0    0    0    0]
 [   0    0    0    0    0    0    0    0    0    0]
 [  25   10   23   20    9   12   12 5246    9  105]
 [   0    8   15    7    1    4    1    1   20    1]
 [   3    6   11    9   43    7    6  212    4  117]]
-----------EJECUCION------ capas 4 ,epochs 10 y learning_rate 0.01 
Porcentaje de acierto en entrenamiento:  0.39315
Porcentaje de acierto en test: 0.3883
[[ 209   16   25  212   25  362    9   97  242   80]
 [  23 6529 4789  282   15  136  156   48  459    5]
 [   4   21   38    9    4    8   29    8   16    1]
 [5332   98  390 5306   20 4538  110  125 4686  152]
 [   8    0    7    2   77    7   21   18    4    5]
 [   0    0    0    0    0    0    0    0    0    0]
 [  58   30  593   43  299   70 5471  114   66   28]
 [ 277   25   60  203 5400  260  106 5846  265 5676]
 [  12   23   56   74    2   40   16    9  113    2]
 [   0    0    0    0    0    0    0    0    0    0]]
-----------EJECUCION------ capas 4 ,epochs 10 y learning_rate 0.02 
Porcentaje de acierto en entrenamiento:  0.32493333333333335
Porcentaje de acierto en test: 0.3221
[[   0    0    0    0    0    0    0    0    0    0]
 [   0 6627  173   44   40   33   37   55  224   42]
 [ 258   21  564  376  169  398  219   47  353   65]
 [  62   10  120  690  348  648   56  118  854   82]
 [   0    0    0    0    5    0    0    0    0    0]
 [   0    0    0    0    0    0    0    0    0    0]
 [5562   32 4943  394  160  281 5584   28  161   41]
 [  41   51  154 4623 5118 4058   22 6017 4250 5719]
 [   0    1    4    4    2    3    0    0    9    0]
 [   0    0    0    0    0    0    0    0    0    0]]
-----------EJECUCION------ capas 4 ,epochs 10 y learning_rate 0.05 
Porcentaje de acierto en entrenamiento:  0.4836666666666667
Porcentaje de acierto en test: 0.4759
[[5557    4   57   52   29  257  107  117   44   85]
 [   0 6578   56   28   22   32   19   46  138   33]
 [   0   18   32   15   12   11    5   10   54    8]
 [  42   74 5072 4765 4743  400  195  205 4765  617]
 [   4    3   53  100  228   14    3   45   44  170]
 [   6    3   48  130   27   97   35    0   81    8]
 [ 214   39  445  701  137 4482 5538   11  530   16]
 [  91   19  123  217  305  106   10 5683  126 4470]
 [   0    0    0    0    0    0    0    0    0    0]
 [   9    4   72  123  339   22    6  148   69  542]]
-----------EJECUCION------ capas 4 ,epochs 30 y learning_rate 0.01 
Porcentaje de acierto en entrenamiento:  0.21428333333333333
Porcentaje de acierto en test: 0.2138
[[   0    0    0    0    0    0    0    0    0    0]
 [   0 6616   98   36   36   36   35   43  213   45]
 [   0    0    0    0    0    0    0    0    0    0]
 [   0    0    0    0    0    0    0    0    0    0]
 [   0    0    0    0    0    0    0    0    0    0]
 [   0    0    0    0    0    0    0    0    0    0]
 [   0    0    0    0    0    0    0    0    0    0]
 [5923  118 5838 6086 5792 5376 5873 6208 5605 5897]
 [   0    8   22    9   14    9   10   14   33    7]
 [   0    0    0    0    0    0    0    0    0    0]]
-----------EJECUCION------ capas 4 ,epochs 30 y learning_rate 0.02 
Porcentaje de acierto en entrenamiento:  0.4861333333333333
Porcentaje de acierto en test: 0.4827
[[5580    7  148  113    4  148   59   37   26   23]
 [   0 6594   58   16   20   17   20   21  114   11]
 [   0   13   53   25    1   28   27    1  102    0]
 [ 309   84 5478 5682  162 5074 5731   36 5305  129]
 [   9   22  154  239 5622  119   58  543  233 5495]
 [   0    0    1    0    0    0    0    0    0    0]
 [   0    0    0    0    0    2    0    0    0    0]
 [  21    7   32   25    7   19    3 5414    8  125]
 [   0    8   30   11    3   10   12    4   58    1]
 [   4    7    4   20   23    4    8  209    5  165]]
-----------EJECUCION------ capas 4 ,epochs 30 y learning_rate 0.05 
Porcentaje de acierto en entrenamiento:  0.3903333333333333
Porcentaje de acierto en test: 0.3853
[[   0    0    0    0    0    0    0    0    0    0]
 [   1 6491  514  234    1   68    5  122  254    4]
 [   2   61 4769   64   13   23   67   33   38    1]
 [   1   22   19   66    1   14    1   40   82    0]
 [ 119    4   28   56  294  150   52   37  162  237]
 [   0    0    0    0    0    0    0    0    0    0]
 [ 227   14  372  124 4867  341 5696   66  347  369]
 [5505  147  241 5545  573 4729   86 5945 4898 5179]
 [   0    0    3    2    0    1    1    1    0    0]
 [  68    3   12   40   93   95   10   21   70  159]]
-----------EJECUCION------ capas 8 ,epochs 5 y learning_rate 0.01 
Porcentaje de acierto en entrenamiento:  0.845
Porcentaje de acierto en test: 0.8432
[[5458    2  118  246    3  383   62    8  102   34]
 [   1 6504   93   36   20   19   38   58  300    7]
 [  31   46 4989  167   43   40  117   92   42   14]
 [  80   22  312 5069   11   95    3   96  187   86]
 [  12    8  110   11 5407  123   61   54   25  204]
 [ 280    2   27  113   65 3789  181   58 1104   71]
 [  40   21  160   14   67  123 5438    4  138   10]
 [   4    5   59   46    3   10    0 5627    7   80]
 [   3   48   21   24    8  495   16    3 2988   12]
 [  14   84   69  405  215  344    2  265  958 5431]]
-----------EJECUCION------ capas 8 ,epochs 5 y learning_rate 0.02 
Porcentaje de acierto en entrenamiento:  0.8776833333333334
Porcentaje de acierto en test: 0.8731
[[5325    4   93   52    2  100   27   23   25   19]
 [   0 6603  237   49   15   33   16   48  154   21]
 [  62   21 4757  121   26   15   72   58   48    9]
 [  11    8  198 4901    0  157    0   15  109   37]
 [  24   12  156    7 5028   31  113   62   15  217]
 [ 274   14   19  485   10 4585  133   26  217   58]
 [  80   17  267   52   84  201 5488    2  137    7]
 [  50   20   53  154   72   41    2 5657   14  156]
 [  96   23  167  178    9  199   67    8 4916   24]
 [   1   20   11  132  596   59    0  366  216 5401]]
-----------EJECUCION------ capas 8 ,epochs 5 y learning_rate 0.05 
Porcentaje de acierto en entrenamiento:  0.8672166666666666
Porcentaje de acierto en test: 0.8687
[[5651    1   44   24   12   78   64   24   37   30]
 [   0 6334   50   72    9   11   15   93  148   11]
 [  40   51 4887  343   22   41   60   70  108   12]
 [  23   19  101 4769    0  117    0   95  139   53]
 [  21    1   95    6 5027   86   31   22   17   48]
 [  18   26   63  442   47 4612   72   66  231   33]
 [  71   39  515   29  176  206 5575   22  182   38]
 [  13   17   43   68  193   19    0 5125    5  139]
 [  26  213  111  282   22  182   96    3 4546   78]
 [  60   41   49   96  334   69    5  745  438 5507]]
-----------EJECUCION------ capas 8 ,epochs 10 y learning_rate 0.01 
Porcentaje de acierto en entrenamiento:  0.8922333333333333
Porcentaje de acierto en test: 0.887
[[5559    1   90   54   12   70   64   12   42   20]
 [   0 6536  133   74   31   45  101   47  168   29]
 [   8   43 5026  121   12   28   30   47   40    6]
 [  15   20  164 5265    1  250    0   70  109   79]
 [  31   11   49   10 5170  126   32  124   42  155]
 [ 150   31    9  368   30 4533  121    7  326   28]
 [  54    5  172    7   68   77 5517   28   76   12]
 [  32   11   95   71   34   23    9 5709   38  130]
 [  60   47  174   55   12  218   27   10 4783   54]
 [  14   37   46  106  472   51   17  211  227 5436]]
-----------EJECUCION------ capas 8 ,epochs 10 y learning_rate 0.02 
Porcentaje de acierto en entrenamiento:  0.8718
Porcentaje de acierto en test: 0.8645
[[5549    2   66   19   12  111  104   24   61   26]
 [   0 6508  108   75   79   39   46   48  327   54]
 [  76   30 5041  152   14   20   67   85  154   12]
 [   9   74  396 5130    1  305    0   45  299   68]
 [  17   25   83   10 4935   77   43   96  150  202]
 [  66   28    6  427    6 4365  102    4  348   94]
 [ 126    9  117   37  153  102 5543    1   24   14]
 [  11   13   37   77    4   39    0 5587    4   94]
 [  23   23   57   41   24  249   12    5 4284   19]
 [  46   30   47  163  614  114    1  370  200 5366]]
-----------EJECUCION------ capas 8 ,epochs 10 y learning_rate 0.05 
Porcentaje de acierto en entrenamiento:  0.8772833333333333
Porcentaje de acierto en test: 0.8807
[[5554   10  105   56    9  223   54   30   47   54]
 [   1 6569   51   72   28   72   67   29  208   22]
 [  15   37 5098  216   11   27   14   55   97    0]
 [  16   35  189 5309    1  561   16   87  255   59]
 [ 158   11  135   19 5474  183  231   39  544  381]
 [ 105   22   43  116    9 3909   40   13  169    4]
 [  41   11  162   87   77   78 5439   27   40    2]
 [  21   15   40  169    4   80    0 5728    9  217]
 [  10   17  126   60   14  250   57    5 4376   29]
 [   2   15    9   27  215   38    0  252  106 5181]]
-----------EJECUCION------ capas 8 ,epochs 30 y learning_rate 0.01 
Porcentaje de acierto en entrenamiento:  0.8757666666666667
Porcentaje de acierto en test: 0.8712
[[5512    5   88  418    4  156   15   13  116   73]
 [   0 6368   85   18    4   49   36   21  101    4]
 [  12   69 5184  199    5   31   17   56   62    0]
 [  96    9  133 4778   20  205   86   23   67   22]
 [   8   31   41   56 5168   59   61  113   44  306]
 [  27   33   12  252    1 4285   32    0  134   15]
 [  29   75  163  161   78  169 5448    3  387    3]
 [  36   42  136  159   19   66    0 5828   11  296]
 [ 182  101  102   49   27  358  216    2 4780   35]
 [  21    9   14   41  516   43    7  206  149 5195]]
-----------EJECUCION------ capas 8 ,epochs 30 y learning_rate 0.02 
Porcentaje de acierto en entrenamiento:  0.8814
Porcentaje de acierto en test: 0.8766
[[5421    4   67  101    3   70   49   20   15   17]
 [   0 6605   50   20   30   25   39   28   89   23]
 [  16   37 5246  255   17   81   19   90   66    4]
 [  30   15   81 4968    0  458    3   10   83   54]
 [  37    2   55    4 5116  130   50   82  115  168]
 [  49    5   37  190    3 3785   17    2   62    4]
 [ 296    6  202  131  108  186 5662    2  134   19]
 [  48   24  112  151   16  144    0 5775   22  294]
 [  12   31   83  273   35  498   63   24 4975   35]
 [  14   13   25   38  514   44   16  232  290 5331]]
-----------EJECUCION------ capas 8 ,epochs 30 y learning_rate 0.05 
Porcentaje de acierto en entrenamiento:  0.88335
Porcentaje de acierto en test: 0.8667
[[5325    1   56   13    7   70   29   12   13   23]
 [   0 6177   13   19    3   11    1   50   41    3]
 [ 144   46 5085  224   24   59   85   42   35    4]
 [  15   45   67 5139    2  312   16    6   99   17]
 [  20   10   79    5 5332   44   70   62   14   58]
 [ 117   19   19  321   12 4499   62    6  283  110]
 [  37   54  160  169   90   50 5378  152   47   61]
 [   6   92   76   58   18   67    8 5510   11  140]
 [  55  291  373  132   12  121  105   27 5067   44]
 [ 204    7   30   51  342  188  164  398  241 5489]]
-----------EJECUCION------ capas 12 ,epochs 5 y learning_rate 0.01 
Porcentaje de acierto en entrenamiento:  0.8998166666666667
Porcentaje de acierto en test: 0.898
[[5520    6   72   68    4  125   63   35   17   21]
 [   8 6386  115   29    4   23    6   53  223    5]
 [  28   63 5080  132   17   24   16   59   35   12]
 [  13   17  157 5218    3  141    0   26  166   40]
 [  21    8   89    2 5341   52   54   53   23  114]
 [ 153   16   14  404    2 4636   78   16  195   50]
 [ 101    5  205   19   89  108 5622    3   91   18]
 [  20   18   82   89   23   15    0 5700   11  110]
 [  39  195  117   80   26  208   71   18 4942   35]
 [  20   28   27   90  333   89    8  302  148 5544]]
-----------EJECUCION------ capas 12 ,epochs 5 y learning_rate 0.02 
Porcentaje de acierto en entrenamiento:  0.8744333333333333
Porcentaje de acierto en test: 0.8763
[[5673    4  114   75   35  174  114   32   46   66]
 [   0 6478  110   56   28   26   33   82  290   10]
 [  55   27 4804  167   23   67   32   86  135   39]
 [  21   53  357 5376    7  213    2   53  325   67]
 [  14   16   83    9 5049   59   38  100  109  218]
 [  61   27   18  154   20 4418   84  137  138   50]
 [  48   14  226   44  126  129 5571    7   37    6]
 [  10   37  106   88    7   53    3 5382    7  185]
 [  11   75   78   86   38  217   41    4 4442   35]
 [  30   11   62   76  509   65    0  382  322 5273]]
-----------EJECUCION------ capas 12 ,epochs 5 y learning_rate 0.05 
Porcentaje de acierto en entrenamiento:  0.8880166666666667
Porcentaje de acierto en test: 0.8817
[[5625    1   90  125   30  123  114   28   79   79]
 [   1 6463  123   60    6   79   35   72  159    8]
 [   4   30 4972   66   15   22   49   56   23    3]
 [  54   41  230 5267   26  194    2   64  280   67]
 [   8   13   68   10 5217   57   48   67   68  160]
 [ 113   21   11  282    5 4512   79    2  308   41]
 [  66   18  170   35  177  145 5556    8   60   15]
 [   4   26   96   90   12   15    0 5548   25   88]
 [  36  119  164  106   10  200   20   21 4677   44]
 [  12   10   34   90  344   74   15  399  172 5444]]
-----------EJECUCION------ capas 12 ,epochs 10 y learning_rate 0.01 
Porcentaje de acierto en entrenamiento:  0.8998333333333334
Porcentaje de acierto en test: 0.8952
[[5622    2  106   37    1  104   65   22   23   35]
 [   0 6543   31   38   35   61   28   37  150   22]
 [  46   37 5068  170   14   57   62   27   59    1]
 [  19   40  251 5415   10  218    3   46  287   68]
 [  14   14   87   26 5288   57   75   81  131  165]
 [  56   16   43  170   13 4624   93   45  138   28]
 [  72   11  134   14  103   55 5571    3   44   11]
 [  52   22   76   90    4   26    2 5606   37  130]
 [  31   34  157   77   36  144   17   31 4824   60]
 [  11   23    5   94  338   75    2  367  158 5429]]
-----------EJECUCION------ capas 12 ,epochs 10 y learning_rate 0.02 
Porcentaje de acierto en entrenamiento:  0.8943
Porcentaje de acierto en test: 0.8959
[[5380    8   48   85    6   50   50   27   11   33]
 [   2 6485  132   36    6   34   14   50  248    6]
 [  32   52 5199  196   25   45   77   66   37    6]
 [  53   10  137 5047    1  114    0   22  133   24]
 [  32   12  100    7 5339   83   25   55   18   71]
 [  79   16   32  360    7 4526   64   36  115   45]
 [ 254   13  137   12  124  120 5610    2  117   41]
 [  33   24  117  132   14   92    1 5826   24  188]
 [  17  100   40  181   33  283   48    7 4785   74]
 [  41   22   16   75  287   74   29  174  363 5461]]
-----------EJECUCION------ capas 12 ,epochs 10 y learning_rate 0.05 
Porcentaje de acierto en entrenamiento:  0.91695
Porcentaje de acierto en test: 0.9096
[[5608    2   24    4    7   14   44   22   13   26]
 [   2 6553   31   26   11   40    9   68  156   10]
 [  33   26 5255  148   35   10   55   54  137   11]
 [  83   41  273 5480    5  145    3   17  248  104]
 [  36   13   93   16 5326   43   35   36   47   68]
 [  36   20   24  158    5 4858  110   10  157   24]
 [  42   11   79   21   55   89 5612   16   80   16]
 [  18   17   96  106   24   15    4 5854   19   72]
 [  37   33   62   61   21  123   36   14 4881   28]
 [  28   26   21  111  353   84   10  174  113 5590]]
-----------EJECUCION------ capas 12 ,epochs 30 y learning_rate 0.01 
Porcentaje de acierto en entrenamiento:  0.9133833333333333
Porcentaje de acierto en test: 0.9049
[[5640    1   69   16   13   84   35   31   27   17]
 [   0 6572  123   53   35   24   56   41  144    8]
 [  18   21 5116  123   18   26    4   35   23    3]
 [   3   29   86 5078    1   88    0   26   56   19]
 [  13    6   71    4 5320   51   39   60   14   70]
 [  28   19   33  512   50 4696   40    6  176   68]
 [  62   11  112   17   57   73 5648    4   48    1]
 [  16   16   52  104    2   14    1 5929   11   99]
 [ 137   36  280  146   29  314   91   10 5178   38]
 [   6   31   16   78  317   51    4  123  174 5626]]
-----------EJECUCION------ capas 12 ,epochs 30 y learning_rate 0.02 
Porcentaje de acierto en entrenamiento:  0.9178
Porcentaje de acierto en test: 0.9066
[[5661    1   41   27    7  109   63   10   82   29]
 [   0 6581   39   19   12   19    9   19   60    9]
 [  13   32 5344  117   36   27   55   70   83    2]
 [  52   26  115 5547    2  246    2   19  196   95]
 [   9   11   99    3 5145   43   29   35   18   63]
 [  45   13   29  173    9 4699   54   11  155   21]
 [  46    3  113    8  101   63 5643    2   50   13]
 [  26   33   51   74   20   23    1 5753   14   96]
 [  60   28  112   94   15  144   37   14 5098   24]
 [  11   14   15   69  495   48   25  332   95 5597]]
-----------EJECUCION------ capas 12 ,epochs 30 y learning_rate 0.05 
Porcentaje de acierto en entrenamiento:  0.9229666666666667
Porcentaje de acierto en test: 0.905
[[5703    1   73   39    8   61   47   11   34   46]
 [   0 6406   47   16    5   14   12   46   57    4]
 [  20   30 5209  152   11   30    9   73   24    6]
 [   7   27   87 5472    1  105    1   53   64   38]
 [  17    9   57    6 5296   34   94   54    5   92]
 [  11   29    3   68    3 4804   96    5   35   15]
 [  47    7   48   20   30   81 5554    2   24    1]
 [  14   22   56   53   30   10    0 5799    4   93]
 [  99  195  366  217   87  226  105   32 5567   86]
 [   5   16   12   88  371   56    0  190   37 5568]]
-----------EJECUCION------ capas 16 ,epochs 5 y learning_rate 0.01 
Porcentaje de acierto en entrenamiento:  0.9061
Porcentaje de acierto en test: 0.9032
[[5630    1   34    7    4   41   33   18   19   31]
 [   0 6548   53   41   21   27   21   87  126   22]
 [  17   53 5209  109   23   29   41   75   60   13]
 [  11   20  198 5412    2  159    1   39  122   30]
 [  19   16  114    4 5257   53   90  142   19  178]
 [  42   23   22  209   19 4579   90    8  139   38]
 [  82    6  102   32   63  154 5581   13  103    4]
 [   7   15   62   77    7   15    5 5606   19   98]
 [ 110   53  149  169    4  305   55   29 5087   78]
 [   5    7   15   71  442   59    1  248  157 5457]]
-----------EJECUCION------ capas 16 ,epochs 5 y learning_rate 0.02 
Porcentaje de acierto en entrenamiento:  0.9172
Porcentaje de acierto en test: 0.9123
[[5684    0   35   11    7   36   32   10   19   43]
 [   0 6581   55   28   12   44   19   39  114   11]
 [  11   33 5266  158   20   29   46   77   55   10]
 [  10   15  133 5368    2  155    0   38  129   55]
 [  17   11   85   11 5413   69   34  119   44  139]
 [  43   29   30  287    7 4793   68   15  159   48]
 [  53    5  117   23   56   70 5653    7   56    3]
 [   9   11   50   55    7   21    3 5616   11   65]
 [  77   35  153   89   14  142   60   10 5099   16]
 [  19   22   34  101  304   62    3  334  165 5559]]
-----------EJECUCION------ capas 16 ,epochs 5 y learning_rate 0.05 
Porcentaje de acierto en entrenamiento:  0.91475
Porcentaje de acierto en test: 0.9125
[[5629    1   36   20   11   72   61   24   53   35]
 [   4 6596   84   46   29   72   14   71  212   12]
 [  22   27 5405  122   16   60   73   62   82    4]
 [  40   15  108 5385    5  171    3   17  117   60]
 [  24   11   40    6 5362   61   27   80   51  124]
 [  49   23   16  246    3 4526   57   16   75   46]
 [  49    4   56   15   63   75 5601    0   45    5]
 [   4   21   99   76    6   29    2 5814    9   98]
 [  73   30   97  117   22  303   78   13 5050   48]
 [  29   14   17   98  325   52    2  168  157 5517]]
-----------EJECUCION------ capas 16 ,epochs 10 y learning_rate 0.01 
Porcentaje de acierto en entrenamiento:  0.90945
Porcentaje de acierto en test: 0.9048
[[5694    3   79   45   16  100   50   31   37   46]
 [   0 6556   47   32   26   33   20   39   92   25]
 [  20   30 5183  185   30   29   32   47   58    8]
 [   8   16   91 5191    1  136    0   25   98   46]
 [  25    7   88    4 5263   56   17   46   59  115]
 [  48   31   12  300    8 4736  119   56  185   36]
 [  58   18  169   23   85  123 5644    7   45   11]
 [   6   16   62   77   11   19    2 5742   18   76]
 [  32   49  205  175   34  113   26   38 5009   37]
 [  32   16   22   99  368   76    8  234  250 5549]]
-----------EJECUCION------ capas 16 ,epochs 10 y learning_rate 0.02 
Porcentaje de acierto en entrenamiento:  0.9164666666666667
Porcentaje de acierto en test: 0.909
[[5704    3   80   39   15   70   80   32   37   41]
 [   0 6551   45   21   16   41   36   31  123   16]
 [  15   32 5241  119   24   26   19   57   45   11]
 [  11   18  117 5456    3  168    1   23  133   35]
 [  21   13   58   15 5403  110   57  112   68  184]
 [  28   30   22  222    6 4671   88    7   99   21]
 [  30    5   93   10   58   75 5587    1   59    4]
 [  15   27   95   95    5   44    1 5876   25   87]
 [  34   40  185   83   21  131   45   11 4983   34]
 [  65   23   22   71  291   85    4  115  279 5516]]
-----------EJECUCION------ capas 16 ,epochs 10 y learning_rate 0.05 
Porcentaje de acierto en entrenamiento:  0.92855
Porcentaje de acierto en test: 0.9212
[[5752    5  107  110   21   59   50   11   77   31]
 [   0 6562   63   21   19   19   21   38  119   14]
 [  15   46 5400  147   15   28   19   75   57   16]
 [  10   37   54 5465    0  131    0   16  128   67]
 [   9    9   81    8 5253   29   19   50   24   72]
 [  40    8    6  103    4 4878   68    1   73   15]
 [  37   11   75   16   68  145 5727   12   68    4]
 [   5    9   66   63   10   17    1 5870   21   82]
 [  27   26   91  121   14   36   11   28 5175   17]
 [  28   29   15   77  438   79    2  164  109 5631]]
-----------EJECUCION------ capas 16 ,epochs 30 y learning_rate 0.01 
Porcentaje de acierto en entrenamiento:  0.9305166666666667
Porcentaje de acierto en test: 0.9211
[[5730    0   34   20   11   56   56   27   20   31]
 [   1 6592   61   28   11   14   30   30  140   16]
 [  20   32 5432  128   51   39   26   63   68   11]
 [   7   12   93 5456    1  100    2   33   66   27]
 [  10    7   72    7 5362   48   39   61    7   71]
 [  31   25   42  223   13 4877   54   14  114   33]
 [  32    4   56   17   37   63 5677   10   30    1]
 [   5   15   29   74    5   13    0 5785   16   75]
 [  78   35  122  112   22  149   34   17 5270   34]
 [   9   20   17   66  329   62    0  225  120 5650]]
-----------EJECUCION------ capas 16 ,epochs 30 y learning_rate 0.02 
Porcentaje de acierto en entrenamiento:  0.9359666666666666
Porcentaje de acierto en test: 0.9185
[[5641    1   26   12    5   34   29    6   17   15]
 [   0 6543   11   16    4   23    4   10   59    7]
 [  13   28 5400  104   21   24   14   58   39    5]
 [  21   22  126 5562    4  142    5   15  134   58]
 [  13   11   79    3 5566   29   50   56   21  172]
 [  75   33   24  152    9 4995  115    6   99   22]
 [  92   15  110   11   67   71 5658    8   27   16]
 [  16   23   66   95   12   28    6 5938   18   91]
 [  43   49  109  125    5   56   24   16 5355   63]
 [   9   17    7   51  149   19   13  152   82 5500]]
-----------EJECUCION------ capas 16 ,epochs 30 y learning_rate 0.05 
Porcentaje de acierto en entrenamiento:  0.9323333333333333
Porcentaje de acierto en test: 0.9172
[[5670    3   54   26   10   42   70   11   52   31]
 [   0 6603   45   26   16   18   22   22  106   12]
 [  11   35 5331  123   22   30   38   43   70    2]
 [  31   14  150 5510    4  122    3    9  111   34]
 [  28   10   86    9 5469   42   64   59   22   75]
 [  91   19   34  192   10 4961  137    5  175   37]
 [  29   12   45   10   43   67 5556    0   55    9]
 [   1   14   98  100   14   14    2 6013   12   66]
 [  56   23  102   66   10   32   22   17 5158   14]
 [   6    9   13   69  244   93    4   86   90 5669]]
-----------EJECUCION------ capas 20 ,epochs 5 y learning_rate 0.01 
Porcentaje de acierto en entrenamiento:  0.9208333333333333
Porcentaje de acierto en test: 0.9193
[[5699    1   62   35   15   86   50   26   35   23]
 [   0 6584   54   24   23   30   20   52  109   22]
 [  38   31 5225  118   22   27   27   50   52   15]
 [  13   29  131 5484    1  161    0   33  164   79]
 [  20   13  105    4 5488   79   47   85   27  119]
 [  51   17   12  210    3 4836  118   10  171   35]
 [  38    6   85   25   48   99 5629    3   73   12]
 [  10   18   94   70    4   12    1 5748   27   81]
 [  36   30  165   92   25   42   22   37 5025   31]
 [  18   13   25   69  213   49    4  221  168 5532]]
-----------EJECUCION------ capas 20 ,epochs 5 y learning_rate 0.02 
Porcentaje de acierto en entrenamiento:  0.9276833333333333
Porcentaje de acierto en test: 0.9243
[[5722    1   52   57   17   54   52   12   27   39]
 [   0 6572   45   27   13   18   19   62  109   21]
 [  15   42 5443  116   22   30   11   73   30   15]
 [   9   19   64 5483    5  142    4   23   91   68]
 [  19   12   71    8 5309   59   17   45   40   97]
 [  37   24   11  167    5 4805   69    8   83   21]
 [  37    3   69   23   43   85 5678    9   44    2]
 [  16   11   84   68   11   17    4 5776   17   77]
 [  62   46   91  117    8  131   57   39 5301   37]
 [   6   12   28   65  409   80    7  218  109 5572]]
-----------EJECUCION------ capas 20 ,epochs 5 y learning_rate 0.05 
Porcentaje de acierto en entrenamiento:  0.9182833333333333
Porcentaje de acierto en test: 0.917
[[5727    1   61   27   24   68   81   24   48   36]
 [   4 6610   53   25   24   18   23   50  175   27]
 [  19   29 5317  218   17   36   43   75   93    6]
 [  13   32  100 5465    6  252    5   70  176   68]
 [  16    6   59    7 5348   46   27   86   40   75]
 [  19   20   26  168   10 4652   57   12  117   56]
 [  36    5  161   21   80  116 5638    7   62    7]
 [   5   14   59   66   12   12    0 5811   24   72]
 [  47   17  104   72   30  143   27    8 4947   20]
 [  37    8   18   62  291   78   17  122  169 5582]]
-----------EJECUCION------ capas 20 ,epochs 10 y learning_rate 0.01 
Porcentaje de acierto en entrenamiento:  0.9304666666666667
Porcentaje de acierto en test: 0.9231
[[5740    0   41   24    9   74   28   14   36   28]
 [   0 6603   30   26   33   33   12   58   86   18]
 [  21   37 5495  207   16   29   14   90   68   11]
 [   8    9   68 5412    2  120    0   50  102   34]
 [  12    8   58    5 5401   62   32   72   30  103]
 [  35   12    7  170   10 4836  111    6  128   37]
 [  45   13   89   49   80  107 5700    7   59    6]
 [   4   12   46   80    9   10    1 5832   22   54]
 [  34   33   97   83   22   82   18   14 5179   28]
 [  24   15   27   75  260   68    2  122  141 5630]]
-----------EJECUCION------ capas 20 ,epochs 10 y learning_rate 0.02 
Porcentaje de acierto en entrenamiento:  0.9374
Porcentaje de acierto en test: 0.9307
[[5784    1   64   29   12   48   44   15   33   30]
 [   1 6579   50   17   24   22   11   56  102   15]
 [  14   42 5442  121   22   30   20   51   38   17]
 [   9   15   47 5603    1  137    1   21   75   51]
 [  11   12   69   15 5496   43   35   48   65  119]
 [  22   26    7  131    0 4859   84    7   63   23]
 [  19   10   66    9   20   75 5668    5   32    3]
 [   8   15   61   56   17   13    2 5899   15   64]
 [  45   38  122   82   10  129   46   13 5304   17]
 [  10    4   30   68  240   65    7  150  124 5610]]
-----------EJECUCION------ capas 20 ,epochs 10 y learning_rate 0.05 
Porcentaje de acierto en entrenamiento:  0.9391833333333334
Porcentaje de acierto en test: 0.9326
[[5706    1   49   43   10   28   33   22   59   24]
 [   0 6608   60   64   10   15   10   50  127   23]
 [  11   18 5440  108    9   17   18   60   47   12]
 [  14   19   71 5506    1   45    0   15   84   56]
 [  18   15   66    9 5537   18   17   50   22   90]
 [  45   12   28  165    8 5124   49   17  155   52]
 [  44    2   53   20   40   85 5776    7   47    4]
 [  13   11   38   53    6   15    0 5849    8   85]
 [  66   46  138   86   18   48   15   14 5240   38]
 [   6   10   15   77  203   26    0  181   62 5565]]
-----------EJECUCION------ capas 20 ,epochs 30 y learning_rate 0.01 
Porcentaje de acierto en entrenamiento:  0.9469333333333333
Porcentaje de acierto en test: 0.9332
[[5750    0   31   30   12   31   40    9   23   14]
 [   0 6613   25   15   13   32   17   28   92   18]
 [  19   26 5552   92   24   15   25   48   68    8]
 [  18   20   82 5697    3  106    4   23   67   73]
 [  19   10   69    2 5495   35   34   36   44  140]
 [  30   19   29  127    4 5011   70    2   82   20]
 [  35    2   42   18   36   64 5707    4   18    2]
 [  11   17   57   57   19   14    4 6047   24   97]
 [  36   27   61   47   10   84   17    8 5389   22]
 [   5    8   10   46  226   29    0   60   44 5555]]
-----------EJECUCION------ capas 20 ,epochs 30 y learning_rate 0.02 
Porcentaje de acierto en entrenamiento:  0.9423833333333334
Porcentaje de acierto en test: 0.9313
[[5729    1   59   18   11   28   46   14   25   32]
 [   2 6599   35   33   14   15   30   36  108   15]
 [  28   22 5522   96   16   15   16   43   29    8]
 [   9   20   84 5541    3   78    2   18   92   51]
 [  26    7   49    4 5482   19   24   53   23   81]
 [  25   15   13  206    5 5101   53   11  148   49]
 [  27    7   52   21   37   80 5729    1   43    2]
 [  16   20   49   59   10   12    2 5952   33   79]
 [  58   30   78   86   14   49   15   20 5268   12]
 [   3   21   17   67  250   24    1  117   82 5620]]
-----------EJECUCION------ capas 20 ,epochs 30 y learning_rate 0.05 
Porcentaje de acierto en entrenamiento:  0.9463833333333334
Porcentaje de acierto en test: 0.9305
[[5788    3   89   31   31   52   78   12   45   35]
 [   0 6596   23   22   18   19   14   24   78   16]
 [  13   29 5523  111   16   25   23   54   44    4]
 [   9   20   78 5654    3  101    2   48   86   33]
 [  24   11   44    5 5495   17   37   19   39  100]
 [  23   19   16  126    5 5045   80   11   68   25]
 [  16    5   28    6   25   57 5652    5   22    2]
 [  12   11   57   49    7   23    0 6007   15   54]
 [  30   36   81   86   33   43   27   10 5375   32]
 [   8   12   19   41  209   39    5   75   79 5648]]
-----------EJECUCION------ capas 24 ,epochs 5 y learning_rate 0.01 
Porcentaje de acierto en entrenamiento:  0.92765
Porcentaje de acierto en test: 0.927
[[5744    0   52   29   18   68   50   26   39   40]
 [   1 6585   75   28   26   32   15   77  159   13]
 [  12   33 5363  118   21   48   34   79   50   10]
 [   9   23   76 5575    2  211    3   30  120   73]
 [  14    8   82    5 5420   52   41   56   24  113]
 [  24   32   15  129    4 4728   68    9  107   22]
 [  43    3   91   28   71   95 5679    3   42    3]
 [   2   13   72   65    8   25    0 5813    6   78]
 [  67   35  116   86   13  125   26   14 5188   33]
 [   7   10   16   68  259   37    2  158  116 5564]]
-----------EJECUCION------ capas 24 ,epochs 5 y learning_rate 0.02 
Porcentaje de acierto en entrenamiento:  0.9322666666666667
Porcentaje de acierto en test: 0.9289
[[5759    1   51   33   11   75   42   22   33   37]
 [   1 6588   37   24   17   20   20   44  115   14]
 [  17   30 5439  115   22   31   15   80   35   16]
 [  10   34  103 5589    6  150    1   30  154  102]
 [  18    8   86    5 5450   51   41   60   19  111]
 [  23   23   15  178    9 4861   51   11   96   22]
 [  33    6   43   19   63   86 5701    2   66    4]
 [   5   13   54   56    7   13    0 5808   20   83]
 [  46   23  117   53   19   78   46    8 5201   20]
 [  11   16   13   59  238   56    1  200  112 5540]]
-----------EJECUCION------ capas 24 ,epochs 5 y learning_rate 0.05 
Porcentaje de acierto en entrenamiento:  0.9385666666666667
Porcentaje de acierto en test: 0.9286
[[5790    1   72   24   16   44   43   11   21   36]
 [   0 6575   38   28   16   20   18   39   76    7]
 [   5   23 5442   97   17   12   15   59   35    6]
 [   5   30   69 5601    4  118    1   22   82   34]
 [  16   13   65    9 5349   41   55   75   20   98]
 [  18   17   15  136    3 4990   81    5  114   15]
 [  21    5   61   12   40   53 5659    2   33    2]
 [   6   11   49   47    4   11    0 5882    6   36]
 [  51   42  125   90    9   67   45   15 5348   37]
 [  11   25   22   87  384   65    1  155  116 5678]]
-----------EJECUCION------ capas 24 ,epochs 10 y learning_rate 0.01 
Porcentaje de acierto en entrenamiento:  0.9363
Porcentaje de acierto en test: 0.9292
[[5776    1   44   28    9   55   37   17   32   32]
 [   0 6579   53   19   17   26   17   48  140   18]
 [   9   25 5462   92   20   19   14   41   37   11]
 [  12   36   64 5629    8  150    1   12  111   82]
 [  16   11   63    7 5451   50   38   51   34   79]
 [  27   24   19  150   10 4850   81    6   99   33]
 [  32    6   85   24   44   81 5702    6   36    3]
 [   7   16   58   63   12   18    1 5945   19   88]
 [  32   32   94   75   36  117   25   11 5218   37]
 [  12   12   16   44  235   55    2  128  125 5566]]
-----------EJECUCION------ capas 24 ,epochs 10 y learning_rate 0.02 
Porcentaje de acierto en entrenamiento:  0.9463
Porcentaje de acierto en test: 0.9377
[[5814    5   68   42   18   45   54   11   68   39]
 [   0 6582   35   17   15   20   13   37   87    9]
 [   3   27 5519   91   20   11   10   46   36    1]
 [  10   25   83 5682    1   83    1   23   97   48]
 [  15   10   53    7 5482   30   27   32   14   76]
 [   7   24   10  115    2 5044   45    7  109   31]
 [  24    4   26   19   60   80 5745    4   46    8]
 [   6   13   57   64    9   11    0 5944    9   49]
 [  32   32   82   55   12   52   19   22 5293   15]
 [  12   20   25   39  223   45    4  139   92 5673]]
-----------EJECUCION------ capas 24 ,epochs 10 y learning_rate 0.05 
Porcentaje de acierto en entrenamiento:  0.9394166666666667
Porcentaje de acierto en test: 0.9329
[[5748    1   44   24    7   47   45    9   32   23]
 [   1 6615   49   24    9   28   11   27  103   10]
 [  15   30 5528  120   21   31   16   80   60   11]
 [   3   22   50 5574    0  125    1   19   86   52]
 [  14   11   59    6 5460   35   11   51   27   95]
 [  17   11   15  130    4 4844   49    6   59   21]
 [  59    5   69   33   43   93 5746    5   54    4]
 [   6   13   39   82   21   17    1 5931   21   59]
 [  45   16   88   79   11  120   37    5 5266   21]
 [  15   18   17   59  266   81    1  132  143 5653]]
-----------EJECUCION------ capas 24 ,epochs 30 y learning_rate 0.01 
Porcentaje de acierto en entrenamiento:  0.9521333333333334
Porcentaje de acierto en test: 0.9381
[[5799    1   34   22   13   43   33   12   32   25]
 [   0 6613   25   16   21    9   10   21   89    8]
 [  12   34 5621   76   27   20   12   50   38    3]
 [   7   17   53 5697    1   55    4   11   79   57]
 [  13   13   45    6 5492   25   10   27   16   65]
 [  23   15   17  110    9 5072   59    7   84   23]
 [  23    3   31   16   46   73 5774    3   40    4]
 [   3   15   49   63   14    9    2 6003   16   51]
 [  30   20   71   89   16   46   13   16 5370   26]
 [  13   11   12   36  203   69    1  115   87 5687]]
-----------EJECUCION------ capas 24 ,epochs 30 y learning_rate 0.02 
Porcentaje de acierto en entrenamiento:  0.9502166666666667
Porcentaje de acierto en test: 0.9358
[[5773    2   34   24    8   46   51   15   35   21]
 [   0 6626   22   22   12    7    9   17   58    7]
 [   6   17 5561   84   14   16   13   28   25    2]
 [   6   15   54 5546    2   78    2   12   47   41]
 [   9    6   53    6 5490   28   38   30   22   51]
 [  18   17   17  188   11 5114   36    5   96   22]
 [  30    5   41   19   28   49 5751    2   37    4]
 [   7   23   58   65   23   16    1 6042   46   48]
 [  48   19   94   99    8   22   11   15 5371   14]
 [  26   12   24   78  246   45    6   99  114 5739]]
-----------EJECUCION------ capas 24 ,epochs 30 y learning_rate 0.05 
Porcentaje de acierto en entrenamiento:  0.9504166666666667
Porcentaje de acierto en test: 0.936
[[5816    3   41   38   19   52   60   17   22   31]
 [   2 6650   57   31   10   17   14   25  111   17]
 [   5   22 5588   89   17   20   17   33   29    1]
 [   2    6   48 5603    1   58    0   17   52   17]
 [  20    8   37    6 5454   39   29   29   15   93]
 [   8   12   28  153    6 5025   37    4   38   27]
 [  14    3   29   15   38   58 5692    8   35    3]
 [   7   11   52   51   14   17    0 6036   12   43]
 [  43   13   60  102   16   92   66   11 5480   36]
 [   6   14   18   43  267   43    3   85   57 5681]]



-----------EJECUCION------ capas 28 ,epochs 5 y learning_rate 0.01 
Porcentaje de acierto en entrenamiento:  0.9307833333333333
Porcentaje de acierto en test: 0.9286
[[5770    0   47   22   22   59   66   25   31   50]
 [   1 6592   53   22   24   26   21   44  109   18]
 [  11   29 5310   97   22   17   25   66   41   19]
 [  14   22   92 5627    4  206    4   34  146   69]
 [  14    9   94    6 5478   46   27   72   46  123]
 [  39   30   17  166   12 4861  103   19  153   38]
 [  19   13  110   17   53   88 5652    2   38    2]
 [   6   13   75   49    2    4    1 5847   11   67]
 [  44   26  137   74   31   72   19   14 5190   43]
 [   5    8   23   51  194   42    0  142   86 5520]]
-----------EJECUCION------ capas 28 ,epochs 5 y learning_rate 0.02 
Porcentaje de acierto en entrenamiento:  0.9464833333333333
Porcentaje de acierto en test: 0.9439
[[5806    0   43   22   10   44   40   17   24   40]
 [   0 6589   37   24   18   13   18   35  104   18]
 [   9   35 5481   97   28   16   10   54   40    9]
 [   7   29   68 5663    3  100    1   16   76   62]
 [  13   18   81   10 5494   27   22   50   21   75]
 [  14   13    6  115    1 5034   74   13   65   15]
 [  29    6   53   27   47   91 5737    3   44    4]
 [   5   10   63   58    7   11    0 5963    9   64]
 [  32   30  116   75   18   45   16   13 5383   23]
 [   8   12   10   40  216   40    0  101   85 5639]]
-----------EJECUCION------ capas 28 ,epochs 5 y learning_rate 0.05 
Porcentaje de acierto en entrenamiento:  0.94725
Porcentaje de acierto en test: 0.9397
[[5814    1   42   34   12   30   50   18   34   35]
 [   0 6603   24   10   13   15   16   30   70    7]
 [   8   35 5629   95   33   17   23   70   46    9]
 [   7   15   41 5660    3   80    1   25   78   70]
 [  15    8   60    4 5438   27   24   73   26   90]
 [  15   20   18  171    6 5133   88    8   75   26]
 [  21    3   34   11   30   44 5679    1   22    4]
 [   1    8   37   47    3    9    0 5841   12   41]
 [  28   28   60   45   18   36   31   16 5388   17]
 [  14   21   13   54  286   30    6  183  100 5650]]
-----------EJECUCION------ capas 28 ,epochs 10 y learning_rate 0.01 
Porcentaje de acierto en entrenamiento:  0.9426333333333333
Porcentaje de acierto en test: 0.9356
[[5776    2   45   29   12   31   50   12   28   39]
 [   2 6575   27   20   19   20   19   48   95   14]
 [  14   37 5507   88   30   17   13   51   29   18]
 [   7   19   64 5622    1  106    0   39  108   62]
 [  18   10   78    4 5504   29   38   74   23  118]
 [  20   30   31  175    9 5072   76   11  121   23]
 [  34    6   44   24   47   62 5699    3   44    3]
 [   1   13   41   56    7   14    2 5889   13   57]
 [  47   33  110   61   16   31   21   16 5325   26]
 [   4   17   11   52  197   39    0  122   65 5589]]
-----------EJECUCION------ capas 28 ,epochs 10 y learning_rate 0.02 
Porcentaje de acierto en entrenamiento:  0.94245
Porcentaje de acierto en test: 0.9371
[[5774    0   42   22   10   38   49   15   26   27]
 [   2 6609   45   33   20   21   16   60  120   16]
 [   5   22 5507   95   16   26   28   49   40    9]
 [  12   21   92 5653    0  107    2   20  114   57]
 [  12   10   64    6 5463   32   40   53   25   85]
 [  24   21   17  127   11 5002   68   15  109   33]
 [  25    6   49   14   42   61 5688    1   19    2]
 [   9   13   49   55    6    9    2 5926   12   32]
 [  43   24   68   72   21   80   23   15 5263   26]
 [  17   16   25   54  253   45    2  111  123 5662]]
-----------EJECUCION------ capas 28 ,epochs 10 y learning_rate 0.05 
Porcentaje de acierto en entrenamiento:  0.9510166666666666
Porcentaje de acierto en test: 0.9435
[[5796    2   49   17   10   24   38   23   31   21]
 [   1 6629   46   39   10   23   12   40   81   18]
 [   5   23 5580   65   11   19   14   51   24    0]
 [   8   23   38 5708    2   98    3   10   79   51]
 [  12    7   45    7 5522   24   32   27   20   59]
 [  19    3   17  110    3 5008  102   12   79   12]
 [  18    1   32   15   29   64 5685    2   20    4]
 [   9   11   37   41    9   13    2 5960   10   36]
 [  46   33  100   80   19  109   30    9 5467   42]
 [   9   10   14   49  227   39    0  131   40 5706]]
-----------EJECUCION------ capas 28 ,epochs 30 y learning_rate 0.01 
Porcentaje de acierto en entrenamiento:  0.9491
Porcentaje de acierto en test: 0.9372
[[5751    1   45   12   20   37   37   17   20   29]
 [   0 6576   30   25   14   14   16   45   92   10]
 [  20   25 5576  100   21   24   12   31   32    3]
 [  13   22   47 5659    1   64    1   15   59   51]
 [  24   13   54    4 5453   22   23   38   29   61]
 [  33   16   21  156    5 5109   84   16   46   33]
 [  23    6   27   15   38   57 5714    0   23    5]
 [   3   16   42   48   12    9    1 5986   15   61]
 [  46   46  103   70   22   50   26    8 5451   25]
 [  10   21   13   42  256   35    4  109   84 5671]]
-----------EJECUCION------ capas 28 ,epochs 30 y learning_rate 0.02 
Porcentaje de acierto en entrenamiento:  0.9640833333333333
Porcentaje de acierto en test: 0.9485
[[5845    1   39   31   18   26   55   12   36   24]
 [   0 6636   18   12   11    9    9   19   57    9]
 [   9   24 5704   69   16   17    7   35   29    3]
 [   3   13   13 5758    1   68    0   10   44   58]
 [   6    5   51    5 5594   13   14   39   11   69]
 [  12   17   21  111    6 5201   47    7   64   18]
 [  18    3   22    9   32   42 5770    2   16    6]
 [   0   13   25   50   14    3    1 6083    7   40]
 [  25   19   54   58    7   21   12   11 5557   25]
 [   5   11   11   28  143   21    3   47   30 5697]]
-----------EJECUCION------ capas 28 ,epochs 30 y learning_rate 0.05 
Porcentaje de acierto en entrenamiento:  0.95805
Porcentaje de acierto en test: 0.9404
[[5836    0   46   26    7   35   33    9   39   31]
 [   0 6635   20   28   13   10   12   18   71   15]
 [  11   26 5717  109   28   16   16   52   44    7]
 [   1   16   20 5609    0   65    1   14   27   35]
 [  11   13   39   10 5597   36   23   44   43  104]
 [   6    4    6  128    2 5108   30    5   24   17]
 [  21    1   24   12   17   64 5783    2   33    1]
 [   1   12   48   87    9    8    1 6039   11   60]
 [  26   25   33   81   16   54   18    9 5500   20]
 [  10   10    5   41  153   25    1   73   59 5659]]